50 6 100.0

EDGES
0 1 2.0
0 2 2.5
0 3 3.0
0 4 3.5
0 5 2.0
0 6 2.5
0 7 2.0
1 3 2.0
2 4 2.0
1 2 2.5
2 5 2.0
6 7 2.5
0 8 2.0
0 9 2.5
0 10 3.0
0 11 3.5
0 12 2.0
0 13 2.5
0 14 2.0
1 10 2.0
2 15 2.0
3 16 2.5
4 17 3.0
5 18 2.0
6 19 2.5
7 20 3.0
8 21 2.5
9 22 3.0
10 23 2.0
11 24 2.5
12 25 3.0
13 26 3.5
14 27 2.0
15 28 2.5
16 29 2.0
17 30 3.0
18 31 2.5
19 32 2.0
20 33 2.5
21 34 3.0
22 35 2.5
23 36 3.0
24 37 2.0
25 38 2.5
26 39 3.0
27 40 2.5
28 41 3.0
29 42 2.0
30 43 2.5
31 44 3.0
32 45 3.5
33 46 2.0
34 47 2.5
35 48 3.0
36 49 2.0
END_EDGES

DEMANDS
0 0.0
1 8.0
2 10.0
3 12.0
4 15.0
5 9.0
6 11.0
7 14.0
8 13.0
9 7.0
10 6.0
11 5.0
12 4.0
13 3.0
14 2.0
15 1.0
16 9.0
17 11.0
18 10.0
19 12.0
20 13.0
21 14.0
22 15.0
23 5.0
24 4.0
25 3.0
26 2.0
27 1.0
28 7.0
29 8.0
30 9.0
31 10.0
32 11.0
33 12.0
34 13.0
35 14.0
36 15.0
37 6.0
38 5.0
39 4.0
40 3.0
41 2.0
42 1.0
43 7.0
44 8.0
45 9.0
46 10.0
47 11.0
48 12.0
49 13.0
END_DEMANDS
